Yeast:
  amino_acid_distribution:
    A: 5.477085682280396
    C: 1.3187102312327297
    D: 5.759058990490377
    E: 6.435721845689376
    F: 4.515825120738924
    G: 4.9523389367001815
    H: 2.1793134973128154
    I: 6.567307174838732
    K: 7.2734031533970676
    L: 9.578488439692327
    M: 2.101976802978127
    N: 6.108203602800333
    P: 4.386565207656333
    Q: 3.9149376090869286
    R: 4.4565934514954755
    S: 9.058625067852319
    T: 5.908251041288095
    V: 5.579968733119971
    W: 1.0448426590268998
    Y: 3.3827827523225924
  bases_distribution:
    A: 5.477085682280396
    C: 1.3187102312327297
    G: 4.9523389367001815
    T: 5.908251041288095
