bases distribution:
  A: 32.969778188685225
  C: 18.625458619760252
  G: 19.527052990794637
  T: 28.877710200759886
